# Blender 3.1.0
# www.blender.org
mtllib placs2.mtl
o lap
o Cube.004
v -2.489320 0.094832 -0.208761
v -2.488247 -0.155838 -0.208093
v -1.520440 0.100588 0.395162
v -1.519368 -0.150083 0.395831
v -2.367845 0.094832 -0.403644
v -2.366773 -0.155838 -0.402976
v -1.398966 0.100588 0.200279
v -1.397893 -0.150083 0.200948
vn -0.5290 -0.0000 0.8486
vn 0.8486 0.0050 0.5290
vn 0.5290 -0.0000 -0.8486
vn -0.8486 -0.0050 -0.5290
vn -0.0043 1.0000 -0.0027
vn 0.0043 -1.0000 0.0027
vt 0.375000 0.000000
vt 0.375000 1.000000
vt 0.125000 0.750000
vt 0.625000 0.000000
vt 0.625000 1.000000
vt 0.875000 0.750000
vt 0.125000 0.500000
vt 0.375000 0.250000
vt 0.625000 0.250000
vt 0.875000 0.500000
vt 0.375000 0.750000
vt 0.625000 0.750000
vt 0.375000 0.500000
vt 0.625000 0.500000
s 0
f 2/4/1 3/8/1 1/1/1
f 4/9/2 7/13/2 3/8/2
f 8/14/3 5/11/3 7/13/3
f 6/12/4 1/2/4 5/11/4
f 7/13/5 1/3/5 3/7/5
f 4/10/6 6/12/6 8/14/6
f 2/4/1 4/9/1 3/8/1
f 4/9/2 8/14/2 7/13/2
f 8/14/3 6/12/3 5/11/3
f 6/12/4 2/5/4 1/2/4
f 7/13/5 5/11/5 1/3/5
f 4/10/6 2/6/6 6/12/6
o Cube.005
v 1.948422 0.094832 0.403196
v 1.949482 -0.155838 0.402508
v 2.906581 0.100588 -0.217595
v 2.907642 -0.150083 -0.218282
v 1.823554 0.094832 0.210469
v 1.824615 -0.155838 0.209782
v 2.781714 0.100588 -0.410322
v 2.782774 -0.150083 -0.411009
vn 0.5437 -0.0000 0.8392
vn 0.8392 0.0050 -0.5437
vn -0.5437 -0.0000 -0.8392
vn -0.8392 -0.0050 0.5437
vn -0.0042 1.0000 0.0027
vn 0.0042 -1.0000 -0.0027
vt 0.375000 0.000000
vt 0.375000 1.000000
vt 0.125000 0.750000
vt 0.625000 0.000000
vt 0.625000 1.000000
vt 0.875000 0.750000
vt 0.125000 0.500000
vt 0.375000 0.250000
vt 0.625000 0.250000
vt 0.875000 0.500000
vt 0.375000 0.750000
vt 0.625000 0.750000
vt 0.375000 0.500000
vt 0.625000 0.500000
s 0
f 10/18/7 11/22/7 9/15/7
f 12/23/8 15/27/8 11/22/8
f 16/28/9 13/25/9 15/27/9
f 14/26/10 9/16/10 13/25/10
f 15/27/11 9/17/11 11/21/11
f 12/24/12 14/26/12 16/28/12
f 10/18/7 12/23/7 11/22/7
f 12/23/8 16/28/8 15/27/8
f 16/28/9 14/26/9 13/25/9
f 14/26/10 10/19/10 9/16/10
f 15/27/11 13/25/11 9/17/11
f 12/24/12 10/20/12 14/26/12
o Cube.006
v 0.194479 -1.506089 0.403196
v -0.056110 -1.512568 0.402508
v 0.220947 -2.463900 -0.217595
v -0.029642 -2.470379 -0.218282
v 0.191779 -1.381251 0.210469
v -0.058809 -1.387730 0.209782
v 0.218247 -2.339061 -0.410322
v -0.032341 -2.345541 -0.411009
vn 0.0118 -0.5436 0.8392
vn 0.0232 -0.8389 -0.5437
vn -0.0118 0.5436 -0.8392
vn -0.0232 0.8389 0.5437
vn 0.9997 0.0258 0.0027
vn -0.9997 -0.0258 -0.0027
vt 0.375000 0.000000
vt 0.375000 1.000000
vt 0.125000 0.750000
vt 0.625000 0.000000
vt 0.625000 1.000000
vt 0.875000 0.750000
vt 0.125000 0.500000
vt 0.375000 0.250000
vt 0.625000 0.250000
vt 0.875000 0.500000
vt 0.375000 0.750000
vt 0.625000 0.750000
vt 0.375000 0.500000
vt 0.625000 0.500000
s 0
f 18/32/13 19/36/13 17/29/13
f 20/37/14 23/41/14 19/36/14
f 24/42/15 21/39/15 23/41/15
f 22/40/16 17/30/16 21/39/16
f 23/41/17 17/31/17 19/35/17
f 20/38/18 22/40/18 24/42/18
f 18/32/13 20/37/13 19/36/13
f 20/37/14 24/42/14 23/41/14
f 24/42/15 22/40/15 21/39/15
f 22/40/16 18/33/16 17/30/16
f 23/41/17 21/39/17 17/31/17
f 20/38/18 18/34/18 22/40/18
o Cube.007
v 0.194479 2.740686 -0.231747
v -0.056110 2.737528 -0.226048
v 0.220947 1.795650 0.408322
v -0.029642 1.792491 0.414021
v 0.191779 2.611865 -0.421835
v -0.058809 2.608707 -0.416136
v 0.218247 1.666829 0.218235
v -0.032341 1.663670 0.223934
vn 0.0118 0.5610 0.8278
vn 0.0232 -0.8277 0.5606
vn -0.0118 -0.5610 -0.8278
vn -0.0232 0.8277 -0.5606
vn 0.9997 0.0126 -0.0227
vn -0.9997 -0.0126 0.0227
vt 0.375000 0.000000
vt 0.375000 1.000000
vt 0.125000 0.750000
vt 0.625000 0.000000
vt 0.625000 1.000000
vt 0.875000 0.750000
vt 0.125000 0.500000
vt 0.375000 0.250000
vt 0.625000 0.250000
vt 0.875000 0.500000
vt 0.375000 0.750000
vt 0.625000 0.750000
vt 0.375000 0.500000
vt 0.625000 0.500000
s 0
f 26/46/19 27/50/19 25/43/19
f 28/51/20 31/55/20 27/50/20
f 32/56/21 29/53/21 31/55/21
f 30/54/22 25/44/22 29/53/22
f 31/55/23 25/45/23 27/49/23
f 28/52/24 30/54/24 32/56/24
f 26/46/19 28/51/19 27/50/19
f 28/51/20 32/56/20 31/55/20
f 32/56/21 30/54/21 29/53/21
f 30/54/22 26/47/22 25/44/22
f 31/55/23 29/53/23 25/45/23
f 28/52/24 26/48/24 30/54/24
